 v8.0 CLDFLAG/NSZA=    7    0
  LDARK WTQCA F   9.3921686726400028E-002  0.42391862741760000       0.48215968585599989        0.0000000000000000     
 L=  O3(1D)
L Z p T [M] [O3] [H2O] [O1D] P-OH L-CH4 HR(K/day):vis&nir
  57 67.71     0.200 232.40 2.436E+15 1.261E+09 4.873E+09 7.378E-03 1.069E+02 7.798E+00 9.207E-15   6.559   0.000
  56 57.46     0.384 252.40 8.098E+15 1.169E+10 1.620E+10 7.245E-03 3.027E+02 2.163E+01 4.678E-14  15.908   0.000
  55 53.07     0.636 267.30 1.354E+16 2.823E+10 2.709E+10 6.890E-03 4.246E+02 2.994E+01 9.582E-14  21.683   0.000
  54 49.49     0.956 268.90 2.116E+16 5.764E+10 4.232E+10 6.261E-03 5.053E+02 3.558E+01 1.185E-13  25.683   0.000
  53 46.57     1.345 265.00 3.115E+16 1.070E+11 6.230E+10 5.399E-03 5.468E+02 3.863E+01 1.167E-13  27.953   0.000
  52 44.11     1.806 262.70 4.312E+16 1.858E+11 8.625E+10 4.382E-03 5.546E+02 3.926E+01 1.119E-13  28.532   0.000
  51 41.99     2.348 257.10 5.818E+16 3.076E+11 1.164E+11 3.314E-03 5.108E+02 3.634E+01 8.937E-14  26.709   0.000
  50 40.11     2.985 253.40 7.585E+16 4.745E+11 1.517E+11 2.358E-03 4.277E+02 3.053E+01 6.788E-14  22.903   0.000
  49 38.40     3.740 247.90 9.783E+16 6.981E+11 1.957E+11 1.622E-03 3.326E+02 2.387E+01 4.543E-14  18.628   0.000
  48 36.81     4.646 242.20 1.249E+17 1.019E+12 2.498E+11 1.117E-03 2.595E+02 1.873E+01 3.012E-14  15.527   0.000
  47 35.30     5.757 238.40 1.574E+17 1.408E+12 3.149E+11 7.900E-04 1.999E+02 1.448E+01 2.073E-14  13.038   0.000
  46 33.81     7.132 236.00 1.970E+17 1.867E+12 3.941E+11 5.758E-04 1.538E+02 1.117E+01 1.482E-14  11.100   0.000
  45 32.34     8.837 232.70 2.476E+17 2.448E+12 4.952E+11 4.254E-04 1.179E+02 8.593E+00 1.025E-14   9.607   0.000
  44 30.88    10.948 230.40 3.098E+17 3.133E+12 6.196E+11 3.162E-04 8.923E+01 6.522E+00 7.207E-15   8.359   0.000
  43 29.45    13.565 227.00 3.896E+17 3.761E+12 7.792E+11 2.364E-04 6.329E+01 4.644E+00 4.573E-15   6.977   0.000
  42 28.04    16.806 223.30 4.907E+17 4.373E+12 9.814E+11 1.799E-04 4.414E+01 3.253E+00 2.814E-15   5.780   0.000
  41 26.65    20.823 219.60 6.182E+17 4.938E+12 1.236E+12 1.403E-04 3.064E+01 2.268E+00 1.716E-15   4.745   0.000
  40 25.29    25.799 212.40 7.919E+17 4.900E+12 1.584E+12 1.147E-04 1.912E+01 1.429E+00 8.220E-16   3.489   0.000
  39 23.96    31.964 211.30 9.863E+17 4.625E+12 1.973E+12 9.936E-05 1.252E+01 9.368E-01 5.159E-16   2.554   0.000
  38 22.63    39.603 211.60 1.220E+18 4.233E+12 2.440E+12 9.010E-05 8.404E+00 6.286E-01 3.503E-16   1.846   0.000
  37 21.32    49.067 208.00 1.538E+18 3.669E+12 3.842E+12 8.525E-05 5.426E+00 5.094E-01 2.455E-16   1.238   0.000
  36 20.06    60.180 203.80 1.935E+18 2.327E+12 8.408E+12 8.371E-05 2.661E+00 4.372E-01 1.768E-16   0.666   0.000
  35 18.88    73.066 200.60 2.398E+18 1.865E+12 1.750E+13 8.409E-05 1.715E+00 4.754E-01 1.672E-16   0.418   0.000
  34 17.79    87.727 192.70 3.014E+18 1.516E+12 3.515E+13 8.535E-05 1.104E+00 4.950E-01 1.212E-16   0.259   0.000
  33 16.80   104.229 189.50 3.659E+18 7.063E+11 6.592E+13 8.686E-05 4.273E-01 2.975E-01 6.234E-17   0.128   0.000
  32 15.86   122.613 194.60 4.212E+18 6.168E+11 1.156E+14 8.822E-05 3.337E-01 3.510E-01 9.401E-17   0.075   0.000
  31 14.94   142.900 200.60 4.784E+18 3.492E+11 1.976E+14 8.940E-05 1.711E-01 2.684E-01 9.443E-17   0.046   0.000
  30 14.06   165.086 206.50 5.392E+18 3.073E+11 3.311E+14 8.986E-05 1.361E-01 3.148E-01 1.426E-16   0.024   0.000
  29 13.20   189.141 213.10 6.011E+18 2.464E+11 5.429E+14 9.139E-05 1.010E-01 3.406E-01 2.013E-16   0.035   0.000
  28 12.36   215.017 220.00 6.644E+18 2.526E+11 8.735E+14 9.777E-05 1.016E-01 4.942E-01 3.794E-16   0.028   0.000
  27 11.54   242.639 226.80 7.299E+18 2.409E+11 1.382E+15 9.987E-05 9.127E-02 6.342E-01 6.201E-16   0.024   0.000
  26 10.75   272.041 233.20 7.984E+18 2.635E+11 2.156E+15 9.854E-05 9.107E-02 8.960E-01 1.086E-15   0.024   0.000
  25  9.98   303.193 239.30 8.697E+18 2.952E+11 3.318E+15 9.450E-05 9.072E-02 1.253E+00 1.843E-15   0.020   0.000
  24  9.23   336.011 245.40 9.425E+18 3.205E+11 5.030E+15 8.715E-05 8.457E-02 1.623E+00 2.873E-15   0.033   0.000
  23  8.51   370.366 251.00 1.018E+19 3.555E+11 7.524E+15 8.428E-05 8.460E-02 2.236E+00 4.650E-15   0.012   0.000
  22  7.80   406.082 255.90 1.098E+19 4.392E+11 1.110E+16 8.432E-05 9.754E-02 3.511E+00 8.361E-15   0.023   0.000
  21  7.13   442.948 260.30 1.181E+19 4.722E+11 1.613E+16 8.373E-05 9.728E-02 4.713E+00 1.262E-14   0.024   0.000
  20  6.48   480.719 264.10 1.266E+19 5.064E+11 2.306E+16 8.283E-05 9.648E-02 6.212E+00 1.835E-14   0.026   0.000
  19  5.86   519.125 267.80 1.351E+19 6.085E+11 3.238E+16 8.189E-05 1.075E-01 9.078E+00 2.942E-14   0.018   0.000
  18  5.27   557.877 271.30 1.437E+19 6.611E+11 4.465E+16 7.979E-05 1.071E-01 1.169E+01 4.127E-14   0.042   0.000
  17  4.72   596.669 274.10 1.525E+19 7.015E+11 6.054E+16 7.698E-05 1.032E-01 1.436E+01 5.419E-14   0.033   0.000
  16  4.20   635.185 276.50 1.613E+19 7.420E+11 8.062E+16 7.454E-05 9.959E-02 1.742E+01 6.954E-14   0.033   0.000
  15  3.71   673.106 279.50 1.695E+19 6.205E+11 1.051E+17 7.235E-05 7.668E-02 1.660E+01 7.100E-14   0.033   0.000
  14  3.25   710.116 282.00 1.776E+19 5.506E+11 1.347E+17 6.997E-05 6.247E-02 1.650E+01 7.467E-14   0.033   0.000
  13  2.82   745.905 283.90 1.857E+19 5.757E+11 1.695E+17 6.734E-05 5.972E-02 1.897E+01 8.953E-14   0.035   0.000
  12  2.43   780.175 285.90 1.933E+19 5.992E+11 2.094E+17 6.467E-05 5.692E-02 2.142E+01 1.056E-13   0.038   0.000
  11  2.07   812.648 287.80 2.004E+19 6.213E+11 2.538E+17 6.195E-05 5.409E-02 2.376E+01 1.221E-13   0.041   0.000
  10  1.74   843.071 289.50 2.071E+19 6.420E+11 3.022E+17 5.923E-05 5.125E-02 2.591E+01 1.380E-13   0.043   0.000
   9  1.45   871.217 291.10 2.133E+19 5.895E+11 3.534E+17 5.663E-05 4.329E-02 2.483E+01 1.368E-13   0.043   0.000
   8  1.18   896.900 292.40 2.190E+19 2.847E+11 4.063E+17 5.417E-05 1.929E-02 1.238E+01 7.005E-14   0.042   0.000
   7  0.95   919.969 293.70 2.240E+19 2.912E+11 4.591E+17 5.187E-05 1.830E-02 1.296E+01 7.534E-14   0.042   0.000
   6  0.74   940.324 294.80 2.285E+19 2.971E+11 5.103E+17 4.970E-05 1.738E-02 1.340E+01 7.968E-14   0.044   0.000
   5  0.57   957.915 295.80 2.324E+19 3.021E+11 5.582E+17 4.771E-05 1.655E-02 1.372E+01 8.325E-14   0.045   0.000
   4  0.42   972.749 296.30 2.360E+19 3.068E+11 6.022E+17 4.583E-05 1.579E-02 1.389E+01 8.518E-14   0.046   0.000
   3  0.30   984.898 297.10 2.386E+19 3.102E+11 6.396E+17 4.423E-05 1.514E-02 1.399E+01 8.717E-14   0.047   0.000
   2  0.17  1001.777 298.30 2.412E+19 3.136E+11 6.916E+17 4.225E-05 1.434E-02 1.417E+01 9.040E-14   0.047   0.000
   1  0.05  1013.000 299.50 2.436E+19 3.167E+11 7.303E+17 3.980E-05 1.344E-02 1.386E+01 9.059E-14   0.040   0.000
heating rate profiles in K/day v7.6  180-778nm 
wvl   187.0  191.0  194.0  196.0  202.0  208.0  211.0  214.0  262.0  272.0  283.0  295.0  303.0  310.0  316.0  333.0  429.0  631.0
  57   0.43   0.14   0.03   0.00   0.02   0.01   0.03   0.03   3.80   1.02   0.32   0.30   0.12   0.03   0.03   0.03   0.01   0.20
  56   0.08   0.12   0.03   0.01   0.03   0.02   0.03   0.05  10.21   2.69   0.83   0.82   0.33   0.09   0.08   0.05   0.02   0.43
  55   0.01   0.10   0.03   0.01   0.03   0.02   0.04   0.06  13.73   3.77   1.18   1.20   0.49   0.13   0.12   0.09   0.03   0.64
  54   0.00   0.07   0.03   0.01   0.03   0.02   0.05   0.07  15.74   4.66   1.50   1.55   0.64   0.17   0.16   0.11   0.04   0.84
  53   0.00   0.04   0.03   0.01   0.04   0.02   0.05   0.08  16.14   5.38   1.81   1.91   0.80   0.21   0.20   0.14   0.05   1.06
  52   0.00   0.02   0.02   0.01   0.04   0.02   0.06   0.09  14.84   5.92   2.13   2.32   0.99   0.27   0.24   0.17   0.06   1.33
  51   0.00   0.01   0.02   0.01   0.04   0.03   0.06   0.10  11.60   6.02   2.40   2.71   1.19   0.32   0.30   0.21   0.08   1.63
  50   0.00   0.00   0.02   0.01   0.04   0.03   0.07   0.10   7.29   5.47   2.52   3.01   1.37   0.37   0.35   0.24   0.09   1.93
  49   0.00   0.00   0.02   0.01   0.04   0.03   0.07   0.10   3.51   4.37   2.45   3.14   1.51   0.42   0.39   0.27   0.10   2.20
  48   0.00   0.00   0.01   0.01   0.04   0.03   0.07   0.10   1.26   3.08   2.26   3.19   1.65   0.47   0.43   0.30   0.12   2.51
  47   0.00   0.00   0.01   0.01   0.04   0.03   0.06   0.09   0.29   1.76   1.86   3.00   1.71   0.50   0.47   0.32   0.13   2.75
  46   0.00   0.00   0.01   0.00   0.04   0.02   0.05   0.07   0.04   0.80   1.36   2.60   1.70   0.52   0.49   0.34   0.13   2.92
  45   0.00   0.00   0.00   0.00   0.03   0.02   0.04   0.05   0.00   0.27   0.87   2.09   1.63   0.53   0.51   0.35   0.14   3.05
  44   0.00   0.00   0.00   0.00   0.03   0.02   0.03   0.04   0.00   0.07   0.48   1.54   1.51   0.53   0.52   0.35   0.14   3.11
  43   0.00   0.00   0.00   0.00   0.02   0.01   0.02   0.02   0.00   0.01   0.22   0.98   1.27   0.49   0.49   0.33   0.14   2.98
  42   0.00   0.00   0.00   0.00   0.01   0.01   0.01   0.01   0.00   0.00   0.08   0.57   1.02   0.44   0.45   0.30   0.13   2.75
  41   0.00   0.00   0.00   0.00   0.01   0.00   0.01   0.00   0.00   0.00   0.03   0.30   0.79   0.38   0.40   0.26   0.11   2.45
  40   0.00   0.00   0.00   0.00   0.01   0.00   0.00   0.00   0.00   0.00   0.01   0.14   0.53   0.29   0.31   0.21   0.09   1.91
  39   0.00   0.00   0.00   0.00   0.00   0.00   0.00   0.00   0.00   0.00   0.00   0.06   0.36   0.22   0.24   0.16   0.07   1.45
  38   0.00   0.00   0.00   0.00   0.00   0.00   0.00   0.00   0.00   0.00   0.00   0.03   0.24   0.16   0.18   0.12   0.05   1.07
  37   0.00   0.00   0.00   0.00   0.00   0.00   0.00   0.00   0.00   0.00   0.00   0.01   0.16   0.11   0.12   0.08   0.03   0.72
  36   0.00   0.00   0.00   0.00   0.00   0.00   0.00   0.00   0.00   0.00   0.00   0.01   0.08   0.06   0.07   0.05   0.02   0.39
  35   0.00   0.00   0.00   0.00   0.00   0.00   0.00   0.00   0.00   0.00   0.00   0.00   0.05   0.04   0.04   0.03   0.01   0.24
  34   0.00   0.00   0.00   0.00   0.00   0.00   0.00   0.00   0.00   0.00   0.00   0.00   0.03   0.02   0.03   0.02   0.01   0.15
  33   0.00   0.00   0.00   0.00   0.00   0.00   0.00   0.00   0.00   0.00   0.00   0.00   0.01   0.01   0.01   0.01   0.00   0.07
  32   0.00   0.00   0.00   0.00   0.00   0.00   0.00   0.00   0.00   0.00   0.00   0.00   0.01   0.01   0.01   0.00   0.00   0.04
  31   0.00   0.00   0.00   0.00   0.00   0.00   0.00   0.00   0.00   0.00   0.00   0.00   0.01   0.00   0.00   0.00   0.00   0.03
  30   0.00   0.00   0.00   0.00   0.00   0.00   0.00   0.00   0.00   0.00   0.00   0.00   0.00   0.00   0.00   0.00   0.00   0.01
  29   0.00   0.00   0.00   0.00   0.00   0.00   0.00   0.00   0.00   0.00   0.00   0.00   0.00   0.00   0.00   0.00   0.00   0.02
  28   0.00   0.00   0.00   0.00   0.00   0.00   0.00   0.00   0.00   0.00   0.00   0.00   0.00   0.00   0.00   0.00   0.00   0.02
  27   0.00   0.00   0.00   0.00   0.00   0.00   0.00   0.00   0.00   0.00   0.00   0.00   0.00   0.00   0.00   0.00   0.00   0.01
  26   0.00   0.00   0.00   0.00   0.00   0.00   0.00   0.00   0.00   0.00   0.00   0.00   0.00   0.00   0.00   0.00   0.00   0.01
  25   0.00   0.00   0.00   0.00   0.00   0.00   0.00   0.00   0.00   0.00   0.00   0.00   0.00   0.00   0.00   0.00   0.00   0.01
  24   0.00   0.00   0.00   0.00   0.00   0.00   0.00   0.00   0.00   0.00   0.00   0.00   0.00   0.00   0.00   0.00   0.00   0.02
  23   0.00   0.00   0.00   0.00   0.00   0.00   0.00   0.00   0.00   0.00   0.00   0.00   0.00   0.00   0.00   0.00   0.00   0.01
  22   0.00   0.00   0.00   0.00   0.00   0.00   0.00   0.00   0.00   0.00   0.00   0.00   0.00   0.00   0.00   0.00   0.00   0.01
  21   0.00   0.00   0.00   0.00   0.00   0.00   0.00   0.00   0.00   0.00   0.00   0.00   0.00   0.00   0.00   0.00   0.00   0.01
  20   0.00   0.00   0.00   0.00   0.00   0.00   0.00   0.00   0.00   0.00   0.00   0.00   0.00   0.00   0.00   0.01   0.00   0.01
  19   0.00   0.00   0.00   0.00   0.00   0.00   0.00   0.00   0.00   0.00   0.00   0.00   0.00   0.00   0.00   0.00   0.00   0.01
  18   0.00   0.00   0.00   0.00   0.00   0.00   0.00   0.00   0.00   0.00   0.00   0.00   0.00   0.00   0.01   0.01   0.00   0.02
  17   0.00   0.00   0.00   0.00   0.00   0.00   0.00   0.00   0.00   0.00   0.00   0.00   0.00   0.00   0.00   0.01   0.00   0.01
  16   0.00   0.00   0.00   0.00   0.00   0.00   0.00   0.00   0.00   0.00   0.00   0.00   0.00   0.00   0.00   0.01   0.00   0.01
  15   0.00   0.00   0.00   0.00   0.00   0.00   0.00   0.00   0.00   0.00   0.00   0.00   0.00   0.00   0.00   0.01   0.00   0.01
  14   0.00   0.00   0.00   0.00   0.00   0.00   0.00   0.00   0.00   0.00   0.00   0.00   0.00   0.00   0.00   0.01   0.00   0.01
  13   0.00   0.00   0.00   0.00   0.00   0.00   0.00   0.00   0.00   0.00   0.00   0.00   0.00   0.00   0.00   0.01   0.00   0.01
  12   0.00   0.00   0.00   0.00   0.00   0.00   0.00   0.00   0.00   0.00   0.00   0.00   0.00   0.00   0.01   0.02   0.00   0.01
  11   0.00   0.00   0.00   0.00   0.00   0.00   0.00   0.00   0.00   0.00   0.00   0.00   0.00   0.00   0.01   0.02   0.00   0.01
  10   0.00   0.00   0.00   0.00   0.00   0.00   0.00   0.00   0.00   0.00   0.00   0.00   0.00   0.00   0.01   0.02   0.00   0.01
   9   0.00   0.00   0.00   0.00   0.00   0.00   0.00   0.00   0.00   0.00   0.00   0.00   0.00   0.00   0.01   0.02   0.00   0.01
   8   0.00   0.00   0.00   0.00   0.00   0.00   0.00   0.00   0.00   0.00   0.00   0.00   0.00   0.00   0.01   0.02   0.00   0.00
   7   0.00   0.00   0.00   0.00   0.00   0.00   0.00   0.00   0.00   0.00   0.00   0.00   0.00   0.00   0.01   0.02   0.00   0.00
   6   0.00   0.00   0.00   0.00   0.00   0.00   0.00   0.00   0.00   0.00   0.00   0.00   0.00   0.00   0.01   0.03   0.00   0.00
   5   0.00   0.00   0.00   0.00   0.00   0.00   0.00   0.00   0.00   0.00   0.00   0.00   0.00   0.00   0.01   0.03   0.00   0.00
   4   0.00   0.00   0.00   0.00   0.00   0.00   0.00   0.00   0.00   0.00   0.00   0.00   0.00   0.00   0.01   0.03   0.00   0.00
   3   0.00   0.00   0.00   0.00   0.00   0.00   0.00   0.00   0.00   0.00   0.00   0.00   0.00   0.00   0.01   0.03   0.00   0.00
   2   0.00   0.00   0.00   0.00   0.00   0.00   0.00   0.00   0.00   0.00   0.00   0.00   0.00   0.00   0.01   0.03   0.00   0.00
   1   0.00   0.00   0.00   0.00   0.00   0.00   0.00   0.00   0.00   0.00   0.00   0.00   0.00   0.00   0.01   0.03   0.00  -0.00
Fast-J  v8.0: Solar fluxes (W/m2)--
 inc TOTAL     735.0250
 rfl outtop    220.3376
 abs in atm     38.7762
 abs at srf    475.9113
 PAR direct  1.5462E+16
 PAR diffus  7.7058E+16
 v8.0 CLDFLAG/NSZA=    7   30
  LDARK WTQCA F   9.3921686726400028E-002  0.42391862741760000       0.48215968585599989        0.0000000000000000     
 L=  O3(1D)
L Z p T [M] [O3] [H2O] [O1D] P-OH L-CH4 HR(K/day):vis&nir
  57 67.71     0.200 232.40 2.436E+15 1.261E+09 4.873E+09 7.370E-03 1.068E+02 7.789E+00 9.197E-15   6.490   0.000
  56 57.46     0.384 252.40 8.098E+15 1.169E+10 1.620E+10 7.208E-03 3.012E+02 2.152E+01 4.654E-14  15.775   0.000
  55 53.07     0.636 267.30 1.354E+16 2.823E+10 2.709E+10 6.797E-03 4.189E+02 2.954E+01 9.453E-14  21.350   0.000
  54 49.49     0.956 268.90 2.116E+16 5.764E+10 4.232E+10 6.091E-03 4.916E+02 3.461E+01 1.153E-13  24.942   0.000
  53 46.57     1.345 265.00 3.115E+16 1.070E+11 6.230E+10 5.146E-03 5.211E+02 3.681E+01 1.112E-13  26.601   0.000
  52 44.11     1.806 262.70 4.312E+16 1.858E+11 8.625E+10 4.066E-03 5.147E+02 3.643E+01 1.038E-13  26.450   0.000
  51 41.99     2.348 257.10 5.818E+16 3.076E+11 1.164E+11 2.984E-03 4.599E+02 3.272E+01 8.047E-14  24.060   0.000
  50 40.11     2.985 253.40 7.585E+16 4.745E+11 1.517E+11 2.068E-03 3.749E+02 2.676E+01 5.951E-14  20.170   0.000
  49 38.40     3.740 247.90 9.783E+16 6.981E+11 1.957E+11 1.402E-03 2.875E+02 2.063E+01 3.927E-14  16.294   0.000
  48 36.81     4.646 242.20 1.249E+17 1.019E+12 2.498E+11 9.656E-04 2.244E+02 1.619E+01 2.604E-14  13.700   0.000
  47 35.30     5.757 238.40 1.574E+17 1.408E+12 3.149E+11 6.864E-04 1.737E+02 1.258E+01 1.801E-14  11.644   0.000
  46 33.81     7.132 236.00 1.970E+17 1.867E+12 3.941E+11 5.001E-04 1.336E+02 9.702E+00 1.287E-14   9.988   0.000
  45 32.34     8.837 232.70 2.476E+17 2.448E+12 4.952E+11 3.672E-04 1.017E+02 7.417E+00 8.845E-15   8.681   0.000
  44 30.88    10.948 230.40 3.098E+17 3.133E+12 6.196E+11 2.703E-04 7.627E+01 5.575E+00 6.160E-15   7.577   0.000
  43 29.45    13.565 227.00 3.896E+17 3.761E+12 7.792E+11 1.998E-04 5.349E+01 3.925E+00 3.865E-15   6.345   0.000
  42 28.04    16.806 223.30 4.907E+17 4.373E+12 9.814E+11 1.504E-04 3.693E+01 2.721E+00 2.354E-15   5.279   0.000
  41 26.65    20.823 219.60 6.182E+17 4.938E+12 1.236E+12 1.164E-04 2.542E+01 1.882E+00 1.423E-15   4.351   0.000
  40 25.29    25.799 212.40 7.919E+17 4.900E+12 1.584E+12 9.448E-05 1.575E+01 1.177E+00 6.768E-16   3.209   0.000
  39 23.96    31.964 211.30 9.863E+17 4.625E+12 1.973E+12 8.120E-05 1.023E+01 7.656E-01 4.216E-16   2.352   0.000
  38 22.63    39.603 211.60 1.220E+18 4.233E+12 2.440E+12 7.296E-05 6.805E+00 5.090E-01 2.837E-16   1.700   0.000
  37 21.32    49.067 208.00 1.538E+18 3.669E+12 3.842E+12 6.828E-05 4.345E+00 4.079E-01 1.966E-16   1.138   0.000
  36 20.06    60.180 203.80 1.935E+18 2.327E+12 8.408E+12 6.634E-05 2.109E+00 3.465E-01 1.401E-16   0.612   0.000
  35 18.88    73.066 200.60 2.398E+18 1.865E+12 1.750E+13 6.604E-05 1.347E+00 3.733E-01 1.313E-16   0.383   0.000
  34 17.79    87.727 192.70 3.014E+18 1.516E+12 3.515E+13 6.646E-05 8.595E-01 3.855E-01 9.436E-17   0.236   0.000
  33 16.80   104.229 189.50 3.659E+18 7.063E+11 6.592E+13 6.718E-05 3.305E-01 2.301E-01 4.822E-17   0.117   0.000
  32 15.86   122.613 194.60 4.212E+18 6.168E+11 1.156E+14 6.787E-05 2.567E-01 2.700E-01 7.232E-17   0.069   0.000
  31 14.94   142.900 200.60 4.784E+18 3.492E+11 1.976E+14 6.845E-05 1.310E-01 2.055E-01 7.230E-17   0.042   0.000
  30 14.06   165.086 206.50 5.392E+18 3.073E+11 3.311E+14 6.895E-05 1.045E-01 2.416E-01 1.094E-16   0.022   0.000
  29 13.20   189.141 213.10 6.011E+18 2.464E+11 5.429E+14 7.287E-05 8.055E-02 2.715E-01 1.605E-16   0.034   0.000
  28 12.36   215.017 220.00 6.644E+18 2.526E+11 8.735E+14 7.438E-05 7.731E-02 3.760E-01 2.887E-16   0.025   0.000
  27 11.54   242.639 226.80 7.299E+18 2.409E+11 1.382E+15 7.366E-05 6.732E-02 4.678E-01 4.574E-16   0.021   0.000
  26 10.75   272.041 233.20 7.984E+18 2.635E+11 2.156E+15 7.142E-05 6.600E-02 6.494E-01 7.871E-16   0.020   0.000
  25  9.98   303.193 239.30 8.697E+18 2.952E+11 3.318E+15 6.818E-05 6.545E-02 9.037E-01 1.330E-15   0.017   0.000
  24  9.23   336.011 245.40 9.425E+18 3.205E+11 5.030E+15 6.473E-05 6.282E-02 1.206E+00 2.134E-15   0.030   0.000
  23  8.51   370.366 251.00 1.018E+19 3.555E+11 7.524E+15 6.223E-05 6.247E-02 1.651E+00 3.433E-15   0.011   0.000
  22  7.80   406.082 255.90 1.098E+19 4.392E+11 1.110E+16 6.162E-05 7.129E-02 2.566E+00 6.110E-15   0.020   0.000
  21  7.13   442.948 260.30 1.181E+19 4.722E+11 1.613E+16 6.070E-05 7.052E-02 3.417E+00 9.148E-15   0.022   0.000
  20  6.48   480.719 264.10 1.266E+19 5.064E+11 2.306E+16 5.976E-05 6.961E-02 4.482E+00 1.324E-14   0.023   0.000
  19  5.86   519.125 267.80 1.351E+19 6.085E+11 3.238E+16 5.905E-05 7.754E-02 6.546E+00 2.121E-14   0.016   0.000
  18  5.27   557.877 271.30 1.437E+19 6.611E+11 4.465E+16 5.789E-05 7.770E-02 8.483E+00 2.994E-14   0.037   0.000
  17  4.72   596.669 274.10 1.525E+19 7.015E+11 6.054E+16 5.608E-05 7.515E-02 1.046E+01 3.948E-14   0.029   0.000
  16  4.20   635.185 276.50 1.613E+19 7.420E+11 8.062E+16 5.421E-05 7.242E-02 1.267E+01 5.056E-14   0.030   0.000
  15  3.71   673.106 279.50 1.695E+19 6.205E+11 1.051E+17 5.247E-05 5.561E-02 1.204E+01 5.150E-14   0.029   0.000
  14  3.25   710.116 282.00 1.776E+19 5.506E+11 1.347E+17 5.059E-05 4.516E-02 1.193E+01 5.398E-14   0.029   0.000
  13  2.82   745.905 283.90 1.857E+19 5.757E+11 1.695E+17 4.851E-05 4.302E-02 1.367E+01 6.449E-14   0.031   0.000
  12  2.43   780.175 285.90 1.933E+19 5.992E+11 2.094E+17 4.642E-05 4.086E-02 1.538E+01 7.582E-14   0.033   0.000
  11  2.07   812.648 287.80 2.004E+19 6.213E+11 2.538E+17 4.431E-05 3.869E-02 1.700E+01 8.731E-14   0.035   0.000
  10  1.74   843.071 289.50 2.071E+19 6.420E+11 3.022E+17 4.222E-05 3.653E-02 1.847E+01 9.837E-14   0.037   0.000
   9  1.45   871.217 291.10 2.133E+19 5.895E+11 3.534E+17 4.023E-05 3.075E-02 1.764E+01 9.715E-14   0.037   0.000
   8  1.18   896.900 292.40 2.190E+19 2.847E+11 4.063E+17 3.835E-05 1.366E-02 8.762E+00 4.959E-14   0.035   0.000
   7  0.95   919.969 293.70 2.240E+19 2.912E+11 4.591E+17 3.661E-05 1.292E-02 9.146E+00 5.317E-14   0.036   0.000
   6  0.74   940.324 294.80 2.285E+19 2.971E+11 5.103E+17 3.498E-05 1.223E-02 9.431E+00 5.608E-14   0.037   0.000
   5  0.57   957.915 295.80 2.324E+19 3.021E+11 5.582E+17 3.349E-05 1.162E-02 9.629E+00 5.844E-14   0.038   0.000
   4  0.42   972.749 296.30 2.360E+19 3.068E+11 6.022E+17 3.210E-05 1.105E-02 9.730E+00 5.965E-14   0.038   0.000
   3  0.30   984.898 297.10 2.386E+19 3.102E+11 6.396E+17 3.091E-05 1.058E-02 9.778E+00 6.092E-14   0.039   0.000
   2  0.17  1001.777 298.30 2.412E+19 3.136E+11 6.916E+17 2.945E-05 9.998E-03 9.874E+00 6.301E-14   0.039   0.000
   1  0.05  1013.000 299.50 2.436E+19 3.167E+11 7.303E+17 2.765E-05 9.332E-03 9.628E+00 6.292E-14   0.034   0.000
heating rate profiles in K/day v7.6  180-778nm 
wvl   187.0  191.0  194.0  196.0  202.0  208.0  211.0  214.0  262.0  272.0  283.0  295.0  303.0  310.0  316.0  333.0  429.0  631.0
  57   0.38   0.14   0.03   0.00   0.02   0.01   0.03   0.03   3.80   1.02   0.32   0.30   0.12   0.03   0.03   0.02   0.01   0.19
  56   0.06   0.12   0.03   0.01   0.03   0.02   0.03   0.05  10.14   2.68   0.83   0.82   0.33   0.08   0.07   0.05   0.02   0.41
  55   0.01   0.09   0.03   0.01   0.03   0.02   0.04   0.06  13.49   3.75   1.18   1.20   0.49   0.13   0.12   0.08   0.03   0.62
  54   0.00   0.06   0.03   0.01   0.03   0.02   0.05   0.07  15.15   4.59   1.49   1.54   0.64   0.17   0.15   0.11   0.04   0.81
  53   0.00   0.03   0.03   0.01   0.04   0.02   0.05   0.08  15.05   5.22   1.78   1.90   0.79   0.21   0.19   0.14   0.05   1.02
  52   0.00   0.01   0.02   0.01   0.04   0.02   0.06   0.09  13.20   5.64   2.09   2.29   0.98   0.26   0.24   0.17   0.06   1.27
  51   0.00   0.01   0.02   0.01   0.04   0.02   0.06   0.10   9.64   5.57   2.32   2.66   1.18   0.32   0.29   0.20   0.07   1.56
  50   0.00   0.00   0.02   0.01   0.04   0.03   0.07   0.10   5.50   4.87   2.39   2.93   1.35   0.37   0.34   0.23   0.08   1.85
  49   0.00   0.00   0.01   0.01   0.04   0.03   0.07   0.10   2.33   3.68   2.27   3.02   1.48   0.41   0.38   0.26   0.10   2.11
  48   0.00   0.00   0.01   0.01   0.04   0.03   0.06   0.09   0.70   2.41   2.03   3.01   1.61   0.46   0.42   0.29   0.11   2.41
  47   0.00   0.00   0.01   0.00   0.04   0.02   0.06   0.08   0.13   1.25   1.60   2.77   1.67   0.49   0.45   0.31   0.12   2.64
  46   0.00   0.00   0.00   0.00   0.04   0.02   0.05   0.06   0.01   0.50   1.10   2.33   1.64   0.51   0.48   0.32   0.13   2.80
  45   0.00   0.00   0.00   0.00   0.03   0.02   0.04   0.04   0.00   0.15   0.66   1.80   1.55   0.51   0.49   0.33   0.13   2.92
  44   0.00   0.00   0.00   0.00   0.02   0.01   0.03   0.03   0.00   0.03   0.33   1.26   1.41   0.51   0.50   0.33   0.14   2.99
  43   0.00   0.00   0.00   0.00   0.02   0.01   0.02   0.01   0.00   0.00   0.13   0.76   1.16   0.46   0.47   0.32   0.13   2.85
  42   0.00   0.00   0.00   0.00   0.01   0.01   0.01   0.01   0.00   0.00   0.04   0.41   0.91   0.41   0.42   0.29   0.12   2.64
  41   0.00   0.00   0.00   0.00   0.01   0.00   0.00   0.00   0.00   0.00   0.01   0.20   0.69   0.35   0.37   0.25   0.11   2.35
  40   0.00   0.00   0.00   0.00   0.00   0.00   0.00   0.00   0.00   0.00   0.00   0.08   0.45   0.26   0.29   0.20   0.08   1.83
  39   0.00   0.00   0.00   0.00   0.00   0.00   0.00   0.00   0.00   0.00   0.00   0.04   0.29   0.20   0.22   0.15   0.06   1.39
  38   0.00   0.00   0.00   0.00   0.00   0.00   0.00   0.00   0.00   0.00   0.00   0.02   0.19   0.14   0.16   0.11   0.05   1.02
  37   0.00   0.00   0.00   0.00   0.00   0.00   0.00   0.00   0.00   0.00   0.00   0.01   0.12   0.10   0.11   0.07   0.03   0.69
  36   0.00   0.00   0.00   0.00   0.00   0.00   0.00   0.00   0.00   0.00   0.00   0.00   0.06   0.05   0.06   0.04   0.02   0.37
  35   0.00   0.00   0.00   0.00   0.00   0.00   0.00   0.00   0.00   0.00   0.00   0.00   0.04   0.03   0.04   0.03   0.01   0.23
  34   0.00   0.00   0.00   0.00   0.00   0.00   0.00   0.00   0.00   0.00   0.00   0.00   0.02   0.02   0.02   0.02   0.01   0.14
  33   0.00   0.00   0.00   0.00   0.00   0.00   0.00   0.00   0.00   0.00   0.00   0.00   0.01   0.01   0.01   0.01   0.00   0.07
  32   0.00   0.00   0.00   0.00   0.00   0.00   0.00   0.00   0.00   0.00   0.00   0.00   0.01   0.01   0.01   0.00   0.00   0.04
  31   0.00   0.00   0.00   0.00   0.00   0.00   0.00   0.00   0.00   0.00   0.00   0.00   0.00   0.00   0.00   0.00   0.00   0.03
  30   0.00   0.00   0.00   0.00   0.00   0.00   0.00   0.00   0.00   0.00   0.00   0.00   0.00   0.00   0.00   0.00   0.00   0.01
  29   0.00   0.00   0.00   0.00   0.00   0.00   0.00   0.00   0.00   0.00   0.00   0.00   0.00   0.00   0.00   0.00   0.00   0.02
  28   0.00   0.00   0.00   0.00   0.00   0.00   0.00   0.00   0.00   0.00   0.00   0.00   0.00   0.00   0.00   0.00   0.00   0.02
  27   0.00   0.00   0.00   0.00   0.00   0.00   0.00   0.00   0.00   0.00   0.00   0.00   0.00   0.00   0.00   0.00   0.00   0.01
  26   0.00   0.00   0.00   0.00   0.00   0.00   0.00   0.00   0.00   0.00   0.00   0.00   0.00   0.00   0.00   0.00   0.00   0.01
  25   0.00   0.00   0.00   0.00   0.00   0.00   0.00   0.00   0.00   0.00   0.00   0.00   0.00   0.00   0.00   0.00   0.00   0.01
  24   0.00   0.00   0.00   0.00   0.00   0.00   0.00   0.00   0.00   0.00   0.00   0.00   0.00   0.00   0.00   0.00   0.00   0.02
  23   0.00   0.00   0.00   0.00   0.00   0.00   0.00   0.00   0.00   0.00   0.00   0.00   0.00   0.00   0.00   0.00   0.00   0.01
  22   0.00   0.00   0.00   0.00   0.00   0.00   0.00   0.00   0.00   0.00   0.00   0.00   0.00   0.00   0.00   0.00   0.00   0.01
  21   0.00   0.00   0.00   0.00   0.00   0.00   0.00   0.00   0.00   0.00   0.00   0.00   0.00   0.00   0.00   0.00   0.00   0.01
  20   0.00   0.00   0.00   0.00   0.00   0.00   0.00   0.00   0.00   0.00   0.00   0.00   0.00   0.00   0.00   0.00   0.00   0.01
  19   0.00   0.00   0.00   0.00   0.00   0.00   0.00   0.00   0.00   0.00   0.00   0.00   0.00   0.00   0.00   0.00   0.00   0.01
  18   0.00   0.00   0.00   0.00   0.00   0.00   0.00   0.00   0.00   0.00   0.00   0.00   0.00   0.00   0.00   0.01   0.00   0.02
  17   0.00   0.00   0.00   0.00   0.00   0.00   0.00   0.00   0.00   0.00   0.00   0.00   0.00   0.00   0.00   0.01   0.00   0.01
  16   0.00   0.00   0.00   0.00   0.00   0.00   0.00   0.00   0.00   0.00   0.00   0.00   0.00   0.00   0.00   0.01   0.00   0.01
  15   0.00   0.00   0.00   0.00   0.00   0.00   0.00   0.00   0.00   0.00   0.00   0.00   0.00   0.00   0.00   0.01   0.00   0.01
  14   0.00   0.00   0.00   0.00   0.00   0.00   0.00   0.00   0.00   0.00   0.00   0.00   0.00   0.00   0.00   0.01   0.00   0.01
  13   0.00   0.00   0.00   0.00   0.00   0.00   0.00   0.00   0.00   0.00   0.00   0.00   0.00   0.00   0.00   0.01   0.00   0.01
  12   0.00   0.00   0.00   0.00   0.00   0.00   0.00   0.00   0.00   0.00   0.00   0.00   0.00   0.00   0.00   0.01   0.00   0.01
  11   0.00   0.00   0.00   0.00   0.00   0.00   0.00   0.00   0.00   0.00   0.00   0.00   0.00   0.00   0.00   0.02   0.00   0.01
  10   0.00   0.00   0.00   0.00   0.00   0.00   0.00   0.00   0.00   0.00   0.00   0.00   0.00   0.00   0.00   0.02   0.00   0.01
   9   0.00   0.00   0.00   0.00   0.00   0.00   0.00   0.00   0.00   0.00   0.00   0.00   0.00   0.00   0.01   0.02   0.00   0.01
   8   0.00   0.00   0.00   0.00   0.00   0.00   0.00   0.00   0.00   0.00   0.00   0.00   0.00   0.00   0.01   0.02   0.00   0.00
   7   0.00   0.00   0.00   0.00   0.00   0.00   0.00   0.00   0.00   0.00   0.00   0.00   0.00   0.00   0.01   0.02   0.00   0.00
   6   0.00   0.00   0.00   0.00   0.00   0.00   0.00   0.00   0.00   0.00   0.00   0.00   0.00   0.00   0.01   0.02   0.00   0.00
   5   0.00   0.00   0.00   0.00   0.00   0.00   0.00   0.00   0.00   0.00   0.00   0.00   0.00   0.00   0.01   0.02   0.00   0.00
   4   0.00   0.00   0.00   0.00   0.00   0.00   0.00   0.00   0.00   0.00   0.00   0.00   0.00   0.00   0.01   0.02   0.00   0.00
   3   0.00   0.00   0.00   0.00   0.00   0.00   0.00   0.00   0.00   0.00   0.00   0.00   0.00   0.00   0.01   0.02   0.00   0.00
   2   0.00   0.00   0.00   0.00   0.00   0.00   0.00   0.00   0.00   0.00   0.00   0.00   0.00   0.00   0.01   0.02   0.00   0.00
   1   0.00   0.00   0.00   0.00   0.00   0.00   0.00   0.00   0.00   0.00   0.00   0.00   0.00   0.00   0.01   0.02   0.00  -0.00
Fast-J  v8.0: Solar fluxes (W/m2)--
 inc TOTAL     636.6313
 rfl outtop    209.5125
 abs in atm     35.2676
 abs at srf    391.8511
 PAR direct  1.1910E+16
 PAR diffus  6.4397E+16
 v8.0 CLDFLAG/NSZA=    7   60
  LDARK WTQCA F   9.3921686726400028E-002  0.42391862741760000       0.48215968585599989        0.0000000000000000     
 L=  O3(1D)
L Z p T [M] [O3] [H2O] [O1D] P-OH L-CH4 HR(K/day):vis&nir
  57 67.71     0.200 232.40 2.436E+15 1.261E+09 4.873E+09 7.324E-03 1.061E+02 7.740E+00 9.139E-15   6.261   0.000
  56 57.46     0.384 252.40 8.098E+15 1.169E+10 1.620E+10 7.012E-03 2.930E+02 2.093E+01 4.528E-14  15.256   0.000
  55 53.07     0.636 267.30 1.354E+16 2.823E+10 2.709E+10 6.324E-03 3.897E+02 2.748E+01 8.796E-14  19.811   0.000
  54 49.49     0.956 268.90 2.116E+16 5.764E+10 4.232E+10 5.267E-03 4.251E+02 2.993E+01 9.967E-14  21.534   0.000
  53 46.57     1.345 265.00 3.115E+16 1.070E+11 6.230E+10 4.020E-03 4.072E+02 2.876E+01 8.691E-14  20.791   0.000
  52 44.11     1.806 262.70 4.312E+16 1.858E+11 8.625E+10 2.817E-03 3.566E+02 2.524E+01 7.192E-14  18.438   0.000
  51 41.99     2.348 257.10 5.818E+16 3.076E+11 1.164E+11 1.846E-03 2.845E+02 2.024E+01 4.978E-14  15.234   0.000
  50 40.11     2.985 253.40 7.585E+16 4.745E+11 1.517E+11 1.197E-03 2.170E+02 1.549E+01 3.444E-14  12.355   0.000
  49 38.40     3.740 247.90 9.783E+16 6.981E+11 1.957E+11 8.052E-04 1.652E+02 1.185E+01 2.256E-14  10.320   0.000
  48 36.81     4.646 242.20 1.249E+17 1.019E+12 2.498E+11 5.630E-04 1.308E+02 9.441E+00 1.518E-14   9.141   0.000
  47 35.30     5.757 238.40 1.574E+17 1.408E+12 3.149E+11 3.993E-04 1.010E+02 7.321E+00 1.048E-14   8.075   0.000
  46 33.81     7.132 236.00 1.970E+17 1.867E+12 3.941E+11 2.836E-04 7.573E+01 5.501E+00 7.298E-15   7.113   0.000
  45 32.34     8.837 232.70 2.476E+17 2.448E+12 4.952E+11 1.999E-04 5.539E+01 4.038E+00 4.816E-15   6.328   0.000
  44 30.88    10.948 230.40 3.098E+17 3.133E+12 6.196E+11 1.407E-04 3.970E+01 2.902E+00 3.206E-15   5.665   0.000
  43 29.45    13.565 227.00 3.896E+17 3.761E+12 7.792E+11 9.982E-05 2.672E+01 1.961E+00 1.930E-15   4.883   0.000
  42 28.04    16.806 223.30 4.907E+17 4.373E+12 9.814E+11 7.255E-05 1.781E+01 1.312E+00 1.135E-15   4.174   0.000
  41 26.65    20.823 219.60 6.182E+17 4.938E+12 1.236E+12 5.410E-05 1.181E+01 8.746E-01 6.616E-16   3.514   0.000
  40 25.29    25.799 212.40 7.919E+17 4.900E+12 1.584E+12 4.214E-05 7.024E+00 5.248E-01 3.019E-16   2.630   0.000
  39 23.96    31.964 211.30 9.863E+17 4.625E+12 1.973E+12 3.468E-05 4.369E+00 3.270E-01 1.801E-16   1.942   0.000
  38 22.63    39.603 211.60 1.220E+18 4.233E+12 2.440E+12 2.982E-05 2.781E+00 2.081E-01 1.160E-16   1.406   0.000
  37 21.32    49.067 208.00 1.538E+18 3.669E+12 3.842E+12 2.678E-05 1.705E+00 1.600E-01 7.713E-17   0.940   0.000
  36 20.06    60.180 203.80 1.935E+18 2.327E+12 8.408E+12 2.518E-05 8.003E-01 1.315E-01 5.317E-17   0.507   0.000
  35 18.88    73.066 200.60 2.398E+18 1.865E+12 1.750E+13 2.445E-05 4.987E-01 1.382E-01 4.863E-17   0.315   0.000
  34 17.79    87.727 192.70 3.014E+18 1.516E+12 3.515E+13 2.407E-05 3.113E-01 1.396E-01 3.417E-17   0.193   0.000
  33 16.80   104.229 189.50 3.659E+18 7.063E+11 6.592E+13 2.390E-05 1.175E-01 8.186E-02 1.715E-17   0.096   0.000
  32 15.86   122.613 194.60 4.212E+18 6.168E+11 1.156E+14 2.378E-05 8.994E-02 9.461E-02 2.534E-17   0.055   0.000
  31 14.94   142.900 200.60 4.784E+18 3.492E+11 1.976E+14 2.364E-05 4.523E-02 7.096E-02 2.497E-17   0.034   0.000
  30 14.06   165.086 206.50 5.392E+18 3.073E+11 3.311E+14 2.347E-05 3.555E-02 8.222E-02 3.725E-17   0.018   0.000
  29 13.20   189.141 213.10 6.011E+18 2.464E+11 5.429E+14 2.307E-05 2.550E-02 8.597E-02 5.083E-17   0.026   0.000
  28 12.36   215.017 220.00 6.644E+18 2.526E+11 8.735E+14 2.077E-05 2.159E-02 1.050E-01 8.063E-17   0.016   0.000
  27 11.54   242.639 226.80 7.299E+18 2.409E+11 1.382E+15 1.948E-05 1.780E-02 1.237E-01 1.210E-16   0.013   0.000
  26 10.75   272.041 233.20 7.984E+18 2.635E+11 2.156E+15 1.861E-05 1.719E-02 1.692E-01 2.051E-16   0.012   0.000
  25  9.98   303.193 239.30 8.697E+18 2.952E+11 3.318E+15 1.779E-05 1.708E-02 2.358E-01 3.470E-16   0.009   0.000
  24  9.23   336.011 245.40 9.425E+18 3.205E+11 5.030E+15 1.677E-05 1.627E-02 3.124E-01 5.528E-16   0.019   0.000
  23  8.51   370.366 251.00 1.018E+19 3.555E+11 7.524E+15 1.601E-05 1.607E-02 4.246E-01 8.830E-16   0.007   0.000
  22  7.80   406.082 255.90 1.098E+19 4.392E+11 1.110E+16 1.584E-05 1.832E-02 6.595E-01 1.570E-15   0.012   0.000
  21  7.13   442.948 260.30 1.181E+19 4.722E+11 1.613E+16 1.559E-05 1.812E-02 8.778E-01 2.350E-15   0.013   0.000
  20  6.48   480.719 264.10 1.266E+19 5.064E+11 2.306E+16 1.535E-05 1.788E-02 1.151E+00 3.400E-15   0.014   0.000
  19  5.86   519.125 267.80 1.351E+19 6.085E+11 3.238E+16 1.516E-05 1.991E-02 1.681E+00 5.448E-15   0.009   0.000
  18  5.27   557.877 271.30 1.437E+19 6.611E+11 4.465E+16 1.478E-05 1.984E-02 2.166E+00 7.644E-15   0.022   0.000
  17  4.72   596.669 274.10 1.525E+19 7.015E+11 6.054E+16 1.416E-05 1.898E-02 2.641E+00 9.969E-15   0.017   0.000
  16  4.20   635.185 276.50 1.613E+19 7.420E+11 8.062E+16 1.354E-05 1.809E-02 3.164E+00 1.263E-14   0.017   0.000
  15  3.71   673.106 279.50 1.695E+19 6.205E+11 1.051E+17 1.297E-05 1.375E-02 2.976E+00 1.273E-14   0.016   0.000
  14  3.25   710.116 282.00 1.776E+19 5.506E+11 1.347E+17 1.236E-05 1.103E-02 2.915E+00 1.319E-14   0.016   0.000
  13  2.82   745.905 283.90 1.857E+19 5.757E+11 1.695E+17 1.171E-05 1.038E-02 3.298E+00 1.557E-14   0.016   0.000
  12  2.43   780.175 285.90 1.933E+19 5.992E+11 2.094E+17 1.108E-05 9.753E-03 3.670E+00 1.810E-14   0.017   0.000
  11  2.07   812.648 287.80 2.004E+19 6.213E+11 2.538E+17 1.047E-05 9.138E-03 4.015E+00 2.062E-14   0.018   0.000
  10  1.74   843.071 289.50 2.071E+19 6.420E+11 3.022E+17 9.877E-06 8.546E-03 4.321E+00 2.301E-14   0.018   0.000
   9  1.45   871.217 291.10 2.133E+19 5.895E+11 3.534E+17 9.328E-06 7.130E-03 4.090E+00 2.253E-14   0.018   0.000
   8  1.18   896.900 292.40 2.190E+19 2.847E+11 4.063E+17 8.818E-06 3.140E-03 2.015E+00 1.140E-14   0.017   0.000
   7  0.95   919.969 293.70 2.240E+19 2.912E+11 4.591E+17 8.359E-06 2.949E-03 2.088E+00 1.214E-14   0.017   0.000
   6  0.74   940.324 294.80 2.285E+19 2.971E+11 5.103E+17 7.938E-06 2.776E-03 2.140E+00 1.273E-14   0.017   0.000
   5  0.57   957.915 295.80 2.324E+19 3.021E+11 5.582E+17 7.561E-06 2.624E-03 2.174E+00 1.319E-14   0.017   0.000
   4  0.42   972.749 296.30 2.360E+19 3.068E+11 6.022E+17 7.211E-06 2.483E-03 2.186E+00 1.340E-14   0.018   0.000
   3  0.30   984.898 297.10 2.386E+19 3.102E+11 6.396E+17 6.920E-06 2.369E-03 2.189E+00 1.364E-14   0.018   0.000
   2  0.17  1001.777 298.30 2.412E+19 3.136E+11 6.916E+17 6.568E-06 2.230E-03 2.202E+00 1.405E-14   0.018   0.000
   1  0.05  1013.000 299.50 2.436E+19 3.167E+11 7.303E+17 6.131E-06 2.070E-03 2.135E+00 1.395E-14   0.016   0.000
heating rate profiles in K/day v7.6  180-778nm 
wvl   187.0  191.0  194.0  196.0  202.0  208.0  211.0  214.0  262.0  272.0  283.0  295.0  303.0  310.0  316.0  333.0  429.0  631.0
  57   0.21   0.12   0.03   0.00   0.02   0.01   0.03   0.03   3.77   1.01   0.32   0.30   0.12   0.03   0.03   0.02   0.01   0.18
  56   0.01   0.09   0.03   0.01   0.03   0.02   0.03   0.05   9.79   2.64   0.82   0.82   0.32   0.08   0.07   0.05   0.02   0.40
  55   0.00   0.05   0.03   0.01   0.03   0.02   0.04   0.06  12.23   3.59   1.15   1.19   0.48   0.12   0.11   0.07   0.03   0.61
  54   0.00   0.02   0.02   0.01   0.03   0.02   0.04   0.07  12.32   4.20   1.43   1.51   0.63   0.16   0.14   0.10   0.04   0.79
  53   0.00   0.01   0.02   0.01   0.03   0.02   0.05   0.07  10.31   4.46   1.66   1.83   0.78   0.20   0.17   0.12   0.05   1.00
  52   0.00   0.00   0.02   0.01   0.04   0.02   0.05   0.08   7.01   4.33   1.86   2.15   0.96   0.24   0.21   0.15   0.06   1.25
  51   0.00   0.00   0.01   0.01   0.04   0.02   0.05   0.08   3.55   3.67   1.93   2.41   1.13   0.29   0.26   0.18   0.07   1.53
  50   0.00   0.00   0.01   0.00   0.04   0.02   0.05   0.08   1.22   2.58   1.81   2.52   1.28   0.34   0.30   0.21   0.08   1.81
  49   0.00   0.00   0.01   0.00   0.03   0.02   0.05   0.07   0.26   1.46   1.51   2.42   1.37   0.38   0.34   0.23   0.09   2.07
  48   0.00   0.00   0.00   0.00   0.03   0.02   0.04   0.06   0.03   0.65   1.13   2.21   1.45   0.41   0.37   0.26   0.11   2.36
  47   0.00   0.00   0.00   0.00   0.03   0.02   0.04   0.04   0.00   0.20   0.71   1.79   1.43   0.44   0.40   0.28   0.12   2.59
  46   0.00   0.00   0.00   0.00   0.02   0.01   0.03   0.03   0.00   0.04   0.36   1.27   1.34   0.44   0.42   0.29   0.12   2.74
  45   0.00   0.00   0.00   0.00   0.02   0.01   0.02   0.01   0.00   0.00   0.14   0.80   1.18   0.43   0.42   0.30   0.13   2.86
  44   0.00   0.00   0.00   0.00   0.01   0.01   0.01   0.01   0.00   0.00   0.04   0.43   0.98   0.41   0.42   0.30   0.13   2.92
  43   0.00   0.00   0.00   0.00   0.01   0.00   0.00   0.00   0.00   0.00   0.01   0.18   0.73   0.36   0.39   0.28   0.12   2.79
  42   0.00   0.00   0.00   0.00   0.00   0.00   0.00   0.00   0.00   0.00   0.00   0.07   0.50   0.30   0.35   0.26   0.11   2.58
  41   0.00   0.00   0.00   0.00   0.00   0.00   0.00   0.00   0.00   0.00   0.00   0.02   0.33   0.24   0.30   0.22   0.10   2.30
  40   0.00   0.00   0.00   0.00   0.00   0.00   0.00   0.00   0.00   0.00   0.00   0.01   0.18   0.17   0.23   0.17   0.08   1.79
  39   0.00   0.00   0.00   0.00   0.00   0.00   0.00   0.00   0.00   0.00   0.00   0.00   0.10   0.12   0.17   0.13   0.06   1.35
  38   0.00   0.00   0.00   0.00   0.00   0.00   0.00   0.00   0.00   0.00   0.00   0.00   0.06   0.08   0.12   0.10   0.04   1.00
  37   0.00   0.00   0.00   0.00   0.00   0.00   0.00   0.00   0.00   0.00   0.00   0.00   0.03   0.06   0.08   0.07   0.03   0.67
  36   0.00   0.00   0.00   0.00   0.00   0.00   0.00   0.00   0.00   0.00   0.00   0.00   0.01   0.03   0.04   0.04   0.02   0.36
  35   0.00   0.00   0.00   0.00   0.00   0.00   0.00   0.00   0.00   0.00   0.00   0.00   0.01   0.02   0.03   0.02   0.01   0.23
  34   0.00   0.00   0.00   0.00   0.00   0.00   0.00   0.00   0.00   0.00   0.00   0.00   0.01   0.01   0.02   0.01   0.01   0.14
  33   0.00   0.00   0.00   0.00   0.00   0.00   0.00   0.00   0.00   0.00   0.00   0.00   0.00   0.01   0.01   0.01   0.00   0.07
  32   0.00   0.00   0.00   0.00   0.00   0.00   0.00   0.00   0.00   0.00   0.00   0.00   0.00   0.00   0.00   0.00   0.00   0.04
  31   0.00   0.00   0.00   0.00   0.00   0.00   0.00   0.00   0.00   0.00   0.00   0.00   0.00   0.00   0.00   0.00   0.00   0.02
  30   0.00   0.00   0.00   0.00   0.00   0.00   0.00   0.00   0.00   0.00   0.00   0.00   0.00   0.00   0.00   0.00   0.00   0.01
  29   0.00   0.00   0.00   0.00   0.00   0.00   0.00   0.00   0.00   0.00   0.00   0.00   0.00   0.00   0.00   0.00   0.00   0.02
  28   0.00   0.00   0.00   0.00   0.00   0.00   0.00   0.00   0.00   0.00   0.00   0.00   0.00   0.00   0.00   0.00   0.00   0.01
  27   0.00   0.00   0.00   0.00   0.00   0.00   0.00   0.00   0.00   0.00   0.00   0.00   0.00   0.00   0.00   0.00   0.00   0.01
  26   0.00   0.00   0.00   0.00   0.00   0.00   0.00   0.00   0.00   0.00   0.00   0.00   0.00   0.00   0.00   0.00   0.00   0.01
  25   0.00   0.00   0.00   0.00   0.00   0.00   0.00   0.00   0.00   0.00   0.00   0.00   0.00   0.00   0.00   0.00   0.00   0.01
  24   0.00   0.00   0.00   0.00   0.00   0.00   0.00   0.00   0.00   0.00   0.00   0.00   0.00   0.00   0.00   0.00   0.00   0.01
  23   0.00   0.00   0.00   0.00   0.00   0.00   0.00   0.00   0.00   0.00   0.00   0.00   0.00   0.00   0.00   0.00   0.00   0.00
  22   0.00   0.00   0.00   0.00   0.00   0.00   0.00   0.00   0.00   0.00   0.00   0.00   0.00   0.00   0.00   0.00   0.00   0.01
  21   0.00   0.00   0.00   0.00   0.00   0.00   0.00   0.00   0.00   0.00   0.00   0.00   0.00   0.00   0.00   0.00   0.00   0.01
  20   0.00   0.00   0.00   0.00   0.00   0.00   0.00   0.00   0.00   0.00   0.00   0.00   0.00   0.00   0.00   0.00   0.00   0.01
  19   0.00   0.00   0.00   0.00   0.00   0.00   0.00   0.00   0.00   0.00   0.00   0.00   0.00   0.00   0.00   0.00   0.00   0.00
  18   0.00   0.00   0.00   0.00   0.00   0.00   0.00   0.00   0.00   0.00   0.00   0.00   0.00   0.00   0.00   0.00   0.00   0.01
  17   0.00   0.00   0.00   0.00   0.00   0.00   0.00   0.00   0.00   0.00   0.00   0.00   0.00   0.00   0.00   0.00   0.00   0.01
  16   0.00   0.00   0.00   0.00   0.00   0.00   0.00   0.00   0.00   0.00   0.00   0.00   0.00   0.00   0.00   0.00   0.00   0.01
  15   0.00   0.00   0.00   0.00   0.00   0.00   0.00   0.00   0.00   0.00   0.00   0.00   0.00   0.00   0.00   0.01   0.00   0.01
  14   0.00   0.00   0.00   0.00   0.00   0.00   0.00   0.00   0.00   0.00   0.00   0.00   0.00   0.00   0.00   0.01   0.00   0.01
  13   0.00   0.00   0.00   0.00   0.00   0.00   0.00   0.00   0.00   0.00   0.00   0.00   0.00   0.00   0.00   0.01   0.00   0.01
  12   0.00   0.00   0.00   0.00   0.00   0.00   0.00   0.00   0.00   0.00   0.00   0.00   0.00   0.00   0.00   0.01   0.00   0.01
  11   0.00   0.00   0.00   0.00   0.00   0.00   0.00   0.00   0.00   0.00   0.00   0.00   0.00   0.00   0.00   0.01   0.00   0.01
  10   0.00   0.00   0.00   0.00   0.00   0.00   0.00   0.00   0.00   0.00   0.00   0.00   0.00   0.00   0.00   0.01   0.00   0.00
   9   0.00   0.00   0.00   0.00   0.00   0.00   0.00   0.00   0.00   0.00   0.00   0.00   0.00   0.00   0.00   0.01   0.00   0.00
   8   0.00   0.00   0.00   0.00   0.00   0.00   0.00   0.00   0.00   0.00   0.00   0.00   0.00   0.00   0.00   0.01   0.00   0.00
   7   0.00   0.00   0.00   0.00   0.00   0.00   0.00   0.00   0.00   0.00   0.00   0.00   0.00   0.00   0.00   0.01   0.00   0.00
   6   0.00   0.00   0.00   0.00   0.00   0.00   0.00   0.00   0.00   0.00   0.00   0.00   0.00   0.00   0.00   0.01   0.00   0.00
   5   0.00   0.00   0.00   0.00   0.00   0.00   0.00   0.00   0.00   0.00   0.00   0.00   0.00   0.00   0.00   0.01   0.00   0.00
   4   0.00   0.00   0.00   0.00   0.00   0.00   0.00   0.00   0.00   0.00   0.00   0.00   0.00   0.00   0.00   0.01   0.00   0.00
   3   0.00   0.00   0.00   0.00   0.00   0.00   0.00   0.00   0.00   0.00   0.00   0.00   0.00   0.00   0.00   0.01   0.00   0.00
   2   0.00   0.00   0.00   0.00   0.00   0.00   0.00   0.00   0.00   0.00   0.00   0.00   0.00   0.00   0.00   0.01   0.00   0.00
   1   0.00   0.00   0.00   0.00   0.00   0.00   0.00   0.00   0.00   0.00   0.00   0.00   0.00   0.00   0.00   0.01   0.00   0.00
Fast-J  v8.0: Solar fluxes (W/m2)--
 inc TOTAL     367.9388
 rfl outtop    162.9454
 abs in atm     26.1731
 abs at srf    178.8203
 PAR direct  4.9303E+15
 PAR diffus  3.0036E+16
